AJ=[0.004292295
0.001465662
0.002198492
0.001465662
0.000628141
0.002931323
0.002931323
0.001465662
0.001465662
0.004292295
0.004292295
0.002198492
0.000628141
0.005757956
0.004292295
0.014447236
0.011515913
0.005757956
0.001465662
0.011515913
0.012981575
0.00868928
0.001465662
0.005757956
0.001465662
0.002931323
0.012981575
0.011515913
0.004292295
0.001465662
0.00868928
0.005757956
0.001465662
0.007223618
0.017378559
0.014447236
0.002198492
0.005757956
0.002931323
0.005757956
0.012981575
0.002931323
0.005757956
0.00868928
0.014447236
0.011515913
0.017378559
0.001465662
0.005757956
0.015912898
0.005757956
0.001465662
0.005757956
0.002931323
0.014447236
0.005757956
0.001465662
0.001465662
0.002931323
0.001465662
0.005757956
0.002198492
0.005757956
0.014447236
0.005757956
0.001465662
0.014447236
0.028894472
0.00868928
0.012981575
0.002931323
0.001465662
0.028894472
0.014447236
0.00868928
0.011515913
0.011515913
0.011515913
0.004292295
0.005757956
0.002931323
0.004292295
0.005757956
0.001465662
0.005757956
0.002931323
0.001465662
0.005757956
0.005757956
0.002198492
0.004292295
0.005757956
0.001465662
0.014447236
0.014447236
0.00868928
0.002931323
0.002931323
0.001465662
0.006490787
0.005757956
0.002931323
0.001465662
0.005757956
0.014447236
0.012981575
0.000628141
0.005757956
0.002931323
0.002931323
0.004292295
0.001465662
0.005757956
0.001465662
0.005757956
0.005757956
0.001465662
0.001465662
0.005757956
0.002931323
0.002931323
0.000628141
0.005757956
0.000628141
0.002931323
0.011515913
0.014447236
0.005757956
0.001465662
0.002931323
0.005757956
0.002931323
0.005757956
0.002931323
0.017378559
0.002931323
0.001465662
0.00868928
0.012981575
0.002931323
0.002931323
0.005757956
0.001465662
0.011515913
0.002931323
0.005757956
0.005757956
0.002931323
0.001465662
0.002931323
0.00868928
0.00868928
0.023136516
0.006490787
0.005757956
0.002931323
0.002931323
0.001465662
0.001465662
0.005757956
0.00868928
0.012981575
];
