AJ=[0.4444
0.5555
];